0 0.5685096153846154 0.5745192307692308 0.0889423076923077 0.13942307692307693
1 0.546875 0.5276442307692308 0.03605769230769231 0.03605769230769231
0 0.6899038461538461 0.4747596153846154 0.05288461538461539 0.09375
1 0.6802884615384616 0.4362980769230769 0.02403846153846154 0.01682692307692308
0 0.15745192307692307 0.4951923076923077 0.05528846153846154 0.10576923076923078
1 0.14302884615384617 0.4567307692307693 0.026442307692307696 0.019230769230769232
0 0.2620192307692308 0.43509615384615385 0.038461538461538464 0.08653846153846154
1 0.2668269230769231 0.4014423076923077 0.02403846153846154 0.014423076923076924
0 0.7427884615384616 0.46875 0.04326923076923077 0.09615384615384616
1 0.734375 0.4326923076923077 0.021634615384615384 0.014423076923076924
